[[], [array([[-0.08674043, -0.1574536 ,  0.09447177, ..., -0.01537085,
         0.07174654,  0.15389414],
       [-0.09907953,  0.01112684,  0.07355157, ...,  0.21159813,
         0.05999679, -0.04371762],
       [ 0.1764634 ,  0.02926135,  0.09484524, ...,  0.00803073,
        -0.11242067,  0.0960566 ],
       ...,
       [ 0.5211197 , -0.40256044,  0.7291653 , ...,  0.03721729,
        -0.6824093 , -0.14404011],
       [-0.59699285, -0.8531471 , -0.27232012, ...,  0.17499253,
         0.70230514, -0.16021447],
       [ 0.6649294 , -0.3929528 ,  0.6988102 , ...,  0.06690871,
        -0.6066154 , -0.11675872]], dtype=float32), array([-0.07670353,  0.60074455, -0.35354036, -0.12222275,  0.0779308 ,
       -0.08575131, -0.5118057 , -0.34166223, -0.3236628 ,  0.01292633,
       -0.07414541,  0.3499335 , -0.01716006, -0.6351922 , -0.15827024,
        0.18892983,  0.19791907, -0.25264266,  0.48857653,  0.5355984 ,
        0.04485701,  0.38566038, -0.5964955 ,  0.075877  , -0.04726486,
       -0.37575507, -0.05561426,  0.11878092, -0.0474625 ,  0.15669627],
      dtype=float32)], [], [array([[-0.12084083,  0.11231329],
       [-0.1459463 , -0.08549318],
       [-0.08347258,  0.12517731],
       [ 0.11050377, -0.08151048],
       [-0.1570072 , -0.07216173],
       [-0.12942162, -0.08909561],
       [-0.10041918,  0.06557803],
       [ 0.13293312,  0.11369587],
       [-0.13205694,  0.07962125],
       [ 0.13889326, -0.06513296],
       [-0.12617132,  0.12871742],
       [-0.12358969, -0.1007156 ],
       [ 0.06973148,  0.12452812],
       [-0.13514875,  0.0928534 ],
       [-0.14070688,  0.11637669],
       [ 0.09566113, -0.09739213],
       [ 0.10908169,  0.09852026],
       [-0.07995629,  0.13192545],
       [ 0.11360133, -0.12183107],
       [-0.07963568, -0.16891892],
       [ 0.0737083 ,  0.08286342],
       [ 0.09199528, -0.09984548],
       [ 0.0937207 ,  0.11293648],
       [-0.11758725, -0.08408408],
       [-0.09476084, -0.06932881],
       [ 0.11595973,  0.10066629],
       [ 0.12010482,  0.08147094],
       [ 0.13688867, -0.08008671],
       [ 0.1131351 , -0.08668613],
       [-0.11311778, -0.1094434 ]], dtype=float32), array([-0.00940009,  0.09809359], dtype=float32)]]